1
2
1
2
3
1
37
3
4
1
2
3
5
10
1
37
8
16
23
28
1
35
1
37
1
37
3
6
7
1
37
37
8
23
1
37
10
29
35
39
1
45
1
2
36
1
37
37
6
7
1
37
37
5
9
17
1
37
37
23
24
35
39
1
37
46
1
37
46
1
37
10
11
12
1
37
37
37
23
29
1
37
37
35
36
42
47
1
37
53
1
37
47
1
37
37
11
12
1
37
37
10
24
28
1
37
37
35
36
42
48
1
37
54
1
2
1
37
37
4
1
37
37
4
5
1
2
3
5
11
17
23
29
1
35
1
36
1
37
37
37
7
8
1
37
37
9
16
23
35
39
1
45
1
37
37
1
37
37
37
7
8
1
37
37
8
10
22
28
35
39
1
37
46
1
37
46
1
37
37
37
12
23
1
37
37
37
24
35
42
48
52
1
37
58
1
37
47
1
37
37
37
12
23
1
37
37
23
25
34
42
48
52
1
37
58
